12:2,0,3,3,2,3,2,0,2,2,I-
16:2,0,2,3,2,2,0,0,0,0,I-
42:3,3,3,2,1,0,0,0,2,2,I-
46:1,0,2,0,0,2,3,3,0,0,I-
52:2,2,3,3,0,2,0,0,0,0,I-
58:2,2,0,0,0,2,0,2,2,0,I-
61:0,0,0,2,2,2,0,0,3,0,I-
68:2,0,0,3,0,0,0,2,2,0,I-
71:3,0,0,2,0,2,0,2,2,0,I+
74:2,0,0,2,2,2,0,2,0,0,I-
77:2,2,0,2,2,0,0,0,2,3,I-
81:2,0,2,0,0,3,2,3,0,2,I-
86:0,2,3,2,3,0,2,2,2,0,I-
88:3,2,3,0,2,2,2,0,2,0,I-
92:2,0,2,2,2,0,2,1,0,1,I-
94:2,2,2,0,2,1,0,1,0,0,I-
100:2,1,0,1,0,2,0,3,2,3,I-
110:2,3,2,2,0,2,0,2,2,2,I-
113:2,0,0,2,2,2,2,2,0,2,I-
118:0,2,2,2,2,1,0,0,2,1,I-
122:2,0,2,1,0,1,2,3,1,3,I-
134:2,2,2,2,0,2,0,2,0,1,I-
137:2,0,0,2,2,0,1,0,2,0,I-
141:2,0,2,0,1,0,0,2,0,2,I-
144:0,1,0,2,0,0,2,0,3,1,I+
146:0,2,0,0,2,0,3,1,1,3,I-
153:0,3,1,1,3,0,2,1,0,1,I-
155:1,1,3,0,2,1,0,1,0,2,I-
160:0,2,1,0,1,2,2,2,0,0,I-
166:2,2,2,2,0,0,3,2,2,2,I-
174:3,2,2,2,2,1,3,2,1,3,I-
231:3,0,1,3,1,3,2,2,2,3,I-
245:2,1,1,0,0,0,1,1,0,1,I-
263:2,2,3,0,1,2,0,2,0,3,I-
266:0,1,0,2,2,0,3,0,3,2,I+
273:0,3,0,3,2,0,3,1,0,3,I-
284:3,3,3,2,2,2,3,0,1,1,I-
292:3,0,1,1,3,0,2,0,1,0,I-
294:1,1,3,0,2,0,1,0,2,3,I-
298:2,0,2,0,1,3,1,0,1,0,I-
304:2,3,1,0,1,3,2,0,3,0,I-
310:2,3,2,0,3,0,0,1,3,0,I-
324:1,3,1,3,2,3,1,1,3,3,I-
331:3,1,1,3,3,0,2,2,1,1,I-
333:1,3,3,0,2,2,1,1,0,2,I-
338:0,2,2,1,1,0,2,0,2,0,I-
340:2,1,1,0,2,0,2,0,2,3,I-
342:1,0,2,0,2,0,2,3,3,2,I-
344:2,0,2,0,2,3,3,2,1,0,I-
351:3,3,2,1,0,0,3,3,3,0,I-
357:2,0,3,3,3,0,2,0,0,3,I-
359:3,3,3,0,2,0,0,3,0,3,I-
380:3,3,1,1,3,2,0,1,3,2,I-
395:3,1,1,0,1,1,3,1,1,0,I-
401:2,1,3,1,1,0,3,3,1,0,I-
418:1,3,1,3,3,0,1,3,0,1,I-
468:3,2,1,3,3,3,1,3,3,2,I-
488:3,2,3,1,0,0,1,1,3,2,I-
544:3,3,0,1,0,1,0,1,0,0,I+
553:1,0,0,0,0,0,0,0,3,0,I-
559:2,0,0,0,3,3,2,0,1,0,I-
574:0,3,3,1,0,1,1,0,3,3,I-
582:1,0,3,3,1,2,0,3,0,1,I-
631:2,3,1,3,0,3,0,1,3,2,I-
638:3,0,1,3,2,0,0,3,0,3,I-
661:0,3,0,3,2,1,3,3,1,2,I-
678:3,3,3,1,1,0,2,0,3,2,I-
680:3,1,1,0,2,0,3,2,1,0,I-
686:2,0,3,2,1,1,0,3,0,3,I-
699:3,3,3,3,3,1,3,0,0,3,I-
720:3,3,3,2,0,1,3,1,0,3,I-
728:3,1,0,3,0,0,3,0,0,1,I-
735:0,3,0,0,1,1,3,1,3,3,I-
744:1,3,3,0,0,0,3,1,1,3,I-
753:1,1,3,2,3,2,2,0,3,1,I-
774:0,3,2,1,3,2,0,0,0,3,I-
782:0,0,0,3,3,1,3,2,2,3,I-
797:3,1,1,3,1,3,0,0,2,2,I-
801:1,0,2,3,0,2,0,0,1,3,I-
812:3,0,3,3,3,0,3,0,0,0,I-
819:0,3,0,0,0,1,0,2,3,1,I-
822:0,0,0,2,1,3,1,0,2,0,I-
826:1,0,2,3,1,0,0,1,3,1,I-
843:3,2,0,0,1,3,0,0,0,1,I-
858:3,0,0,1,1,0,2,3,3,1,I-
860:0,1,1,0,2,3,3,1,0,0,I-
869:1,0,0,3,1,0,0,3,3,1,I-
877:0,3,3,1,0,2,0,1,0,2,I-
882:0,2,2,0,1,2,3,3,3,3,I-
909:3,3,3,1,3,2,0,2,0,3,I-
912:1,3,0,2,2,0,3,1,0,2,I+
917:0,2,0,3,1,2,1,0,2,0,I-
921:1,0,2,2,1,0,2,1,3,2,I-
923:2,2,1,0,2,1,3,2,0,0,I-
938:0,0,1,1,0,0,0,3,1,3,I-
964:1,0,3,0,3,0,3,0,3,0,I-
975:0,1,0,0,3,3,2,2,3,1,I-
996:1,3,2,2,2,3,3,1,1,3,I-
1003:3,3,1,1,3,0,1,1,3,3,I-
1057:1,2,2,1,1,2,0,0,3,1,I-
1068:1,3,2,3,3,0,0,0,0,1,I-
1077:0,0,1,3,1,0,2,1,3,1,I-
1079:1,3,1,0,2,1,3,1,0,2,I-
1084:0,2,1,3,1,3,0,2,0,0,I-
1087:3,1,0,2,3,0,0,2,2,0,I+
1090:2,3,0,2,0,2,0,0,1,0,I+
1114:3,2,3,2,2,2,3,1,3,2,I-
1132:1,3,1,0,0,3,2,3,2,1,I-
1139:3,2,3,2,1,3,0,3,2,3,I-
1148:3,2,3,2,0,2,0,2,0,0,I-
1151:2,0,0,2,2,0,0,1,0,0,I-
1197:3,3,1,3,2,2,3,3,3,0,I-
1218:3,3,1,3,3,0,3,3,2,1,I-
1230:1,3,3,1,1,1,3,1,3,0,I-
1245:3,3,1,3,1,1,0,1,1,0,I-
1258:0,0,3,2,0,3,1,1,0,3,I-
1333:0,1,0,0,3,0,0,0,2,2,I-
1337:3,0,2,0,0,2,1,0,2,2,I-
1341:0,0,2,2,1,2,3,0,2,0,I-
1345:1,0,2,2,3,0,3,1,0,2,I-
1350:0,2,0,3,1,0,0,2,3,1,I-
1353:3,1,0,2,0,3,1,3,1,0,I+
1359:2,3,1,3,1,3,3,2,1,3,I-
1367:3,2,1,3,2,0,0,0,2,0,I-
1371:2,0,2,0,0,0,2,2,2,0,I-
1373:2,0,0,0,2,2,2,0,2,2,I-
1377:2,0,2,2,2,2,2,0,2,2,I-
1381:2,0,2,2,2,2,2,3,2,0,I-
1387:2,2,2,3,2,1,1,0,2,0,I-
1391:2,0,2,1,1,0,2,2,3,0,I-
1393:2,1,1,0,2,2,3,0,1,1,I-
1414:0,3,3,2,3,0,2,0,0,0,I-
1416:3,2,3,0,2,0,0,0,0,2,I-
1421:0,2,0,0,0,3,2,0,0,2,I-
1426:0,2,3,2,0,3,3,1,3,3,I-
1435:1,3,3,3,3,0,2,1,1,1,I-
1437:3,3,3,0,2,1,1,1,1,2,I-
1455:1,3,3,1,0,2,1,3,3,3,I-
1467:3,3,0,3,2,0,3,0,0,3,I+
1476:0,0,3,2,2,2,0,0,0,3,I-
1485:0,0,3,0,0,0,2,2,2,1,I-
1487:3,0,0,0,2,2,2,1,3,1,I-
1494:2,2,1,3,1,3,1,1,3,3,I-
1535:3,3,0,3,3,0,2,2,0,0,I+
1537:0,3,3,0,2,2,0,0,3,2,I-
1604:0,3,2,3,3,0,2,3,0,3,I-
1606:2,3,3,0,2,3,0,3,2,0,I-
1617:0,3,2,0,1,0,3,2,2,0,I-
1623:2,0,3,2,2,3,3,2,3,1,I-
1652:0,3,3,3,0,2,2,3,2,0,I-
1660:2,3,2,0,3,3,2,3,0,3,I-
1677:1,3,3,3,0,0,2,1,3,2,I-
1679:3,3,0,0,2,1,3,2,0,2,I-
1684:0,2,1,3,2,3,2,3,3,3,I-
1692:2,3,3,3,2,1,1,3,1,3,I-
1714:0,0,3,3,2,3,2,3,2,1,I-
1730:2,3,2,2,2,3,2,0,0,0,I-
1758:1,3,1,0,3,1,0,1,3,2,I-
1765:1,0,1,3,2,3,2,0,0,0,I-
1777:0,3,0,0,0,0,3,3,2,3,I-
1828:3,2,3,2,1,3,0,3,3,3,I-
1846:3,3,3,3,0,3,0,0,2,1,I-
1850:0,0,2,3,0,1,1,0,1,3,I-
1859:0,1,3,3,3,0,3,1,3,3,I-
1900:3,3,2,1,2,2,1,3,0,0,I-
1918:2,3,0,0,0,2,2,1,3,2,I-
1928:3,2,2,3,2,0,3,1,3,2,I-
1947:1,3,1,1,3,1,1,3,2,0,I-
1958:0,1,2,3,1,0,2,0,2,0,I-
1960:2,3,1,0,2,0,2,0,2,0,I-
1962:1,0,2,0,2,0,2,0,2,3,I-
1964:2,0,2,0,2,0,2,3,3,3,I-
1966:2,0,2,0,2,3,3,3,0,0,I-
1976:0,0,0,0,1,0,2,2,2,0,I-
1978:0,0,1,0,2,2,2,0,2,0,I-
1982:2,0,2,2,2,0,1,2,2,3,I-
1991:2,2,3,3,2,0,2,1,0,1,I-
1993:3,3,2,0,2,1,0,1,0,1,I-
2001:0,1,0,1,0,1,1,2,1,3,I-
2010:2,1,3,3,3,2,0,2,1,2,I-
2013:3,3,0,2,2,1,2,0,2,2,I+
2017:2,0,2,1,2,2,3,3,1,2,I-
2025:3,3,1,2,2,1,1,0,3,1,I+
2056:1,2,1,1,3,0,2,3,3,3,I-
2058:1,1,3,0,2,3,3,3,2,0,I-
2067:3,2,0,1,1,1,1,0,1,3,I-
2078:3,1,3,1,1,1,3,1,2,2,I-
2099:1,2,1,1,2,0,3,2,1,3,I-
2120:1,1,3,1,1,3,2,1,2,1,I-
2188:0,1,1,1,1,0,1,3,1,1,I-
2198:1,1,2,3,1,3,3,3,1,3,I-
2207:3,1,3,2,1,0,0,2,3,1,I-
2210:2,1,0,2,0,3,1,1,1,3,I+
2234:2,2,2,2,0,1,0,2,2,3,I-
2237:2,0,0,2,1,2,3,0,0,2,I-
2242:0,2,2,3,0,2,0,2,0,1,I-
2245:3,0,0,2,2,0,1,3,1,1,I+
2274:3,1,3,1,1,1,1,1,3,1,I-
2285:1,1,1,3,0,1,1,3,3,2,I-
2317:0,1,2,3,0,2,2,0,3,2,I-
2327:3,2,1,3,1,3,1,1,3,3,I-
2338:3,1,3,0,0,0,2,3,3,3,I-
2340:3,0,0,0,2,3,3,3,3,2,I-
2366:1,1,1,3,1,1,3,1,1,1,I-
2375:1,1,1,2,0,1,3,1,3,3,I-
2383:3,1,3,3,2,0,0,0,0,1,I-
2396:0,3,1,0,0,2,1,3,0,2,I-
2401:0,2,2,1,3,0,0,3,1,1,I-
2437:3,2,0,3,0,1,2,1,0,2,I-
2442:0,2,1,2,1,3,1,2,2,3,I-
2452:2,3,1,0,1,3,3,1,0,2,I-
2457:0,2,3,3,1,2,3,2,0,2,I-
2462:0,2,2,3,2,3,3,1,3,3,I-
2481:0,3,3,1,0,0,0,0,0,3,I-
2502:3,2,2,2,3,3,3,2,3,1,I-
2518:1,0,1,2,0,1,2,0,1,0,I-
2556:3,2,2,2,0,1,2,1,3,2,I-
2567:2,0,1,1,1,2,3,2,1,3,I-
2581:0,0,1,2,1,0,1,1,3,1,I-
2591:3,1,3,2,0,1,3,2,1,3,I-
2605:1,3,1,3,3,1,2,3,0,1,I-
2634:2,2,0,1,3,2,2,1,0,0,I-
2641:2,2,1,0,0,2,2,2,1,0,I-
2654:3,1,3,0,0,0,1,1,2,0,I-
2675:2,3,3,3,2,0,3,3,2,3,I-
2683:3,3,2,3,2,0,0,2,3,1,I-
2686:3,2,0,2,0,3,1,3,1,2,I-
2702:1,1,3,0,1,3,3,3,0,1,I-
2741:3,3,3,2,3,1,3,1,2,3,I-
2793:3,3,0,1,1,0,0,1,2,2,I+
2865:3,2,3,3,0,3,1,3,0,1,I-
2872:3,1,3,0,1,2,2,0,1,0,I-
2878:2,2,2,0,1,0,0,0,2,2,I-
2882:1,0,2,0,0,2,3,3,2,1,I-
2889:2,3,3,2,1,0,0,0,1,0,I-
2900:0,3,3,3,2,1,3,1,3,3,I-
2909:1,3,3,0,0,1,1,3,3,3,I-
2936:0,3,3,0,3,1,0,0,1,3,I-
2993:3,2,1,2,1,1,3,2,3,0,I-
3041:0,0,3,3,3,2,1,3,3,3,I-
3113:3,0,3,0,1,2,0,0,1,3,I-
3125:2,2,1,1,0,3,0,1,3,3,I-
3138:3,3,2,2,1,0,2,1,3,2,I-
3140:2,2,1,0,2,1,3,2,1,3,I-
3161:1,0,0,1,1,0,1,2,2,0,I-
3167:2,0,1,2,2,0,0,3,2,0,I-
3189:1,1,3,2,0,0,3,1,3,2,I-
3200:2,3,1,1,1,2,1,3,2,1,I-
3209:3,2,1,3,2,1,0,2,2,0,I-
3212:3,2,0,2,1,2,0,3,2,0,I-
3223:0,0,0,3,2,2,1,3,3,2,I-
3230:2,1,3,3,2,1,3,2,1,0,I-
3236:2,1,3,2,1,0,2,0,3,1,I-
3238:3,2,1,0,2,0,3,1,3,2,I-
3273:1,1,1,1,2,0,0,1,2,1,I-
3282:1,2,1,0,0,1,3,2,2,1,I-
3293:1,3,2,1,0,0,0,3,3,3,I-
3308:1,3,2,2,0,0,1,3,3,3,I-
3326:1,3,2,3,3,1,3,3,3,1,I-
3339:3,0,0,1,3,3,0,3,3,2,I-
3354:0,3,0,3,1,0,1,1,3,1,I-
3405:1,3,1,1,0,3,1,3,3,1,I-
3412:3,1,3,3,1,1,2,0,2,0,I-
3416:1,0,2,1,2,0,1,1,1,3,I-
3429:2,1,0,3,3,0,0,0,1,3,I-
3501:3,0,3,3,2,3,0,0,0,3,I-
3532:3,0,0,3,0,1,3,3,2,0,I-
3538:2,1,3,3,2,3,2,2,1,2,I-
3550:2,3,3,3,1,3,0,0,0,2,I-
3555:0,2,3,0,0,3,3,0,3,3,I-
3564:0,3,3,3,2,0,3,0,2,2,I-
3568:2,0,2,0,3,2,3,0,1,3,I-
3618:0,0,3,0,0,3,3,3,0,1,I-
3652:0,1,0,3,2,3,1,0,3,3,I-
3665:3,0,0,0,1,0,0,0,3,0,I-
3723:1,3,2,2,2,0,2,2,1,3,I-
3725:2,2,2,0,2,2,1,3,2,0,I-
3754:3,0,3,3,0,3,0,1,0,1,I-
3789:0,0,0,3,2,3,2,3,2,3,I-
3802:3,2,0,0,3,3,3,0,2,2,I-
3806:3,0,2,3,3,2,1,3,2,0,I-
3831:1,3,0,1,1,2,3,3,2,0,I-
3863:3,2,0,0,0,0,3,2,2,0,I-
3870:0,3,2,2,0,2,0,0,1,0,I-
3878:0,0,1,0,0,3,1,0,3,3,I-
3894:2,2,3,3,2,0,0,0,0,0,I-
3914:3,0,0,0,3,1,3,0,0,0,I-
3924:0,0,0,3,2,2,3,3,1,3,I-
3943:3,3,3,1,3,3,3,3,2,3,I-
3962:3,0,3,1,3,0,2,0,0,0,I-
3964:3,1,3,0,2,0,0,0,3,0,I-
Positivos Encontrados: [71, 144, 266, 544, 912, 1087, 1090, 1353, 1467, 1535, 2013, 2025, 2210, 2245, 2793]
