20:3,2,0,2,0,2,E+
55:0,0,2,3,0,2,E-
89:2,0,0,2,3,2,E-
91:0,2,3,0,2,2,E+
112:2,0,3,2,2,0,E-
132:0,2,1,1,3,2,E-
192:0,3,3,3,1,3,E-
227:1,3,1,3,3,1,E-
239:1,1,0,2,2,3,E-
243:2,2,2,0,3,1,E+
266:1,2,2,0,1,2,E+
293:2,0,2,0,1,3,E-
306:2,1,0,1,0,0,E-
312:1,1,0,2,0,0,E-
332:1,2,0,1,1,3,E+
352:2,2,0,3,2,0,E+
378:0,0,3,0,3,3,E-
395:1,2,2,3,1,0,E-
442:0,0,3,2,0,3,E-
469:1,3,3,2,1,3,E-
476:1,3,0,1,3,2,E-
491:1,3,3,1,0,2,E-
523:3,1,3,2,1,3,E-
567:0,3,0,2,0,0,E-
624:1,1,3,2,2,3,E-
627:3,3,2,3,1,2,E-
633:3,2,2,1,3,0,E+
639:1,0,0,0,1,2,E-
679:1,3,2,3,3,1,E-
758:3,1,3,0,2,2,E-
772:3,3,1,1,1,3,E-
794:2,3,2,1,1,3,E-
805:1,1,0,0,0,2,E-
830:0,1,0,1,0,0,E-
851:0,1,0,0,0,1,E-
868:1,2,0,3,1,0,E+
891:0,0,2,3,3,1,E-
910:1,3,3,3,3,3,E-
983:0,3,0,2,2,1,E-
986:0,3,2,1,0,0,E-
995:0,0,3,3,1,2,E-
1004:2,2,0,3,1,3,E+
1021:0,0,3,1,3,0,E-
1072:0,1,3,3,0,0,E-
1092:1,1,0,0,2,0,E+
1117:2,0,3,2,2,2,E-
1123:2,0,2,1,3,2,E-
1128:3,3,2,3,3,2,E-
1140:1,0,0,2,3,1,E-
1142:0,2,3,2,1,2,E-
1147:3,1,0,0,3,3,E-
1151:2,0,3,2,0,2,E-
1206:3,0,2,3,3,3,E-
1266:3,0,0,1,1,3,E-
1301:3,1,1,0,1,3,E-
1332:3,3,2,1,0,0,E-
1350:2,0,2,0,2,3,E+
1361:0,0,0,1,3,0,E-
1367:1,1,0,3,2,3,E+
1391:2,2,2,2,0,1,E-
1402:0,0,2,0,1,3,E+
1419:1,3,3,0,2,2,E-
1429:0,0,0,2,0,2,E-
1434:3,0,0,3,1,3,E+
1450:1,1,1,3,0,0,E-
1502:1,1,0,1,1,3,E-
1513:3,1,3,1,1,3,E-
1536:0,1,3,3,0,3,E-
1583:1,1,3,3,2,3,E-
1590:2,3,3,3,2,2,E-
1608:0,0,3,3,0,0,E-
1614:3,2,0,0,3,0,E-
1631:3,2,0,3,2,1,E+
1634:0,3,3,1,3,2,E-
1640:1,2,2,0,1,3,E+
1648:0,3,3,2,3,1,E-
1650:3,2,3,2,1,3,E-
1662:0,2,2,2,0,0,E-
1668:2,3,0,2,3,3,E-
1670:3,2,3,0,3,3,E-
1692:1,2,0,2,3,3,E+
1694:2,2,3,3,3,0,E-
1706:1,1,3,3,3,3,E-
1710:2,3,3,2,3,3,E-
1712:3,2,3,2,3,0,E-
1714:2,2,3,0,0,3,E-
1722:3,2,0,2,3,1,E+
1724:2,2,3,2,1,3,E-
1730:2,0,3,2,3,2,E-
1732:0,2,3,2,2,0,E-
1738:2,2,0,2,0,0,E+
1746:0,3,3,2,2,0,E-
1753:2,0,3,2,3,3,E-
1755:0,2,3,0,3,1,E-
1773:1,2,0,2,0,0,E+
1789:2,3,3,0,3,0,E-
1798:0,3,1,2,2,2,E-
1807:2,0,3,2,2,0,E-
1815:0,3,3,2,3,3,E-
1817:3,2,3,2,3,1,E-
1819:2,2,3,2,1,3,E-
1825:2,1,3,2,1,3,E-
1829:2,2,1,2,3,1,E-
1831:2,2,3,2,1,2,E-
1836:3,1,0,0,3,3,E-
1854:3,0,0,0,0,1,E-
1873:3,3,3,1,0,1,E-
1885:1,1,3,1,3,1,E-
1892:3,1,3,2,0,3,E-
1916:0,3,2,2,1,3,E-
1920:2,2,1,0,0,0,E-
1932:2,3,2,2,0,0,E-
1962:3,0,1,1,0,0,E-
1974:2,2,0,3,3,0,E-
1994:2,1,2,3,2,2,E-
2026:1,0,2,3,1,2,E-
2066:3,2,0,3,3,0,E-
2113:3,1,3,1,1,2,E-
2128:3,1,0,2,1,1,E-
2146:1,1,3,1,1,3,E-
2153:1,3,1,1,1,2,E-
2169:2,1,3,2,3,0,E-
2171:1,2,3,1,0,1,E-
2202:1,1,1,1,0,3,E-
2206:2,1,0,3,3,3,E-
2218:0,0,0,1,1,3,E+
2246:2,0,2,0,0,2,E-
2265:1,0,1,1,3,1,E-
2313:0,3,2,3,3,2,E-
2321:2,0,1,0,0,2,E-
2335:1,1,0,1,1,3,E-
2348:0,2,0,3,3,2,E+
2354:3,3,2,2,1,3,E-
2366:1,2,2,1,1,3,E+
2450:1,1,0,1,2,3,E+
2454:2,1,2,1,0,0,E-
2460:1,1,0,3,1,2,E-
2466:3,0,2,2,0,3,E-
2470:2,2,0,3,1,3,E+
2507:1,2,2,0,2,3,E+
2510:2,3,0,3,2,1,E-
2513:0,3,3,1,3,2,E-
2537:3,2,1,1,3,3,E-
2548:1,3,2,2,1,2,E-
2576:1,0,2,2,1,2,E-
2615:3,2,1,0,1,3,E-
2632:0,0,1,1,2,2,E-
2673:1,1,1,0,3,3,E-
2677:2,0,3,3,3,0,E-
2687:2,3,3,2,0,0,E-
2694:0,0,0,1,3,2,E-
2699:3,3,1,3,1,1,E-
2710:3,1,0,3,3,1,E-
2719:1,3,2,0,0,0,E-
2728:0,3,2,0,0,0,E-
2746:1,3,3,0,2,3,E-
2753:2,3,1,2,0,2,E-
2758:3,0,3,2,0,0,E-
2777:0,1,3,3,2,1,E-
2806:0,1,2,1,3,3,E-
2814:3,0,3,2,3,3,E-
2816:0,2,3,2,3,3,E-
2818:2,2,3,2,3,3,E-
2820:2,2,3,2,3,3,E-
2822:2,2,3,2,3,3,E-
2824:2,2,3,2,3,3,E-
2826:2,2,3,2,3,3,E-
2828:2,2,3,2,3,3,E-
2830:2,2,3,2,3,3,E-
2832:2,2,3,2,3,3,E-
2834:2,2,3,2,3,3,E-
2836:2,2,3,2,3,3,E-
2838:2,2,3,3,3,3,E+
2842:2,3,3,2,1,3,E-
2846:2,2,1,2,3,3,E-
2848:2,2,3,2,3,3,E-
2850:2,2,3,2,3,3,E-
2852:2,2,3,2,3,3,E-
2854:2,2,3,2,3,3,E-
2856:2,2,3,2,3,3,E-
2858:2,2,3,2,3,3,E-
2860:2,2,3,2,3,3,E-
2862:2,2,3,2,3,3,E-
2864:2,2,3,2,3,3,E-
2866:2,2,3,2,3,0,E-
2868:2,2,3,3,0,2,E-
2873:3,0,0,1,3,1,E-
2891:0,0,2,3,2,0,E-
2925:3,3,3,2,3,0,E-
2927:3,2,3,0,0,3,E-
2935:1,3,2,0,0,3,E-
2984:0,0,3,2,0,0,E-
3004:0,1,3,0,0,0,E-
3020:3,3,3,2,3,3,E-
3022:3,2,3,2,3,0,E-
3024:2,2,3,2,0,1,E-
3036:0,1,3,3,1,3,E-
3071:1,3,3,1,1,1,E-
3133:1,0,0,0,1,3,E+
3154:3,1,3,1,3,0,E-
3202:0,1,3,1,1,0,E-
3330:3,1,3,3,0,1,E-
3347:0,3,0,0,3,2,E-
3352:3,3,3,1,1,3,E-
3413:1,0,0,1,3,1,E-
3450:0,1,3,0,0,3,E-
3472:3,3,2,2,0,0,E-
3489:0,0,3,2,0,3,E-
3498:3,3,2,3,3,3,E-
3509:3,2,0,0,0,3,E+
3521:3,3,3,3,1,0,E-
3546:3,2,0,2,2,2,E+
3552:2,1,2,3,3,0,E-
3558:3,1,0,0,0,2,E-
3563:3,0,0,3,0,3,E-
3577:0,0,2,0,1,1,E-
3587:1,0,3,3,1,1,E-
3615:1,1,2,2,2,0,E-
3626:3,0,0,3,3,1,E-
3660:0,2,0,1,0,3,E+
3762:3,0,0,0,1,1,E-
3779:0,0,3,3,2,0,E-
3797:0,2,0,2,3,3,E-
3799:2,2,3,2,3,3,E-
3801:2,2,3,2,3,0,E-
3803:2,2,3,2,0,3,E-
3810:0,3,0,3,0,2,E-
3840:1,0,2,3,2,3,E-
3848:0,0,3,0,0,0,E-
3886:1,0,0,1,0,3,E-
3894:3,3,2,2,2,3,E-
3897:2,3,2,3,2,2,E-
3933:3,0,2,3,1,2,E-
3944:0,3,3,3,3,3,E-
3951:3,3,0,3,3,3,E+
3955:2,3,3,0,0,1,E-
3989:3,3,3,2,3,3,E-
3991:3,2,3,1,3,1,E-
4022:0,1,0,2,1,0,E-
4035:2,1,3,3,3,0,E-
4109:2,0,0,0,1,0,E-
4118:0,0,2,3,2,0,E-
4152:1,2,0,2,1,0,E+
4170:2,0,2,0,3,2,E-
4221:3,0,0,1,3,1,E-
4249:2,2,0,1,0,0,E+
4286:1,1,0,0,0,2,E-
4292:0,0,2,2,0,0,E-
4298:2,3,0,1,3,0,E-
4340:2,0,3,0,0,1,E-
4394:2,0,3,2,3,3,E-
4396:0,2,3,2,3,3,E-
4398:2,2,3,3,3,0,E-
4457:0,0,3,0,3,1,E-
4478:1,3,3,0,2,0,E-
4481:3,3,0,0,3,0,E-
4498:2,3,0,0,3,0,E-
4547:0,3,3,2,3,0,E-
4549:3,2,3,3,0,0,E-
4571:2,0,3,2,2,3,E-
4574:3,3,2,3,2,1,E-
4589:2,0,0,3,0,3,E-
4649:1,1,3,2,0,0,E-
4672:3,0,3,3,1,2,E-
4678:3,3,2,0,3,1,E-
4706:3,0,2,2,3,2,E-
4708:0,2,3,2,2,2,E+
4724:2,0,3,1,1,1,E-
4741:0,1,3,1,3,3,E-
4745:2,1,3,2,1,0,E-
4761:3,0,3,0,1,1,E-
4785:3,1,0,2,2,2,E-
4790:3,2,0,0,0,0,E+
4852:2,1,3,2,3,3,E-
4854:1,2,3,0,3,0,E-
4860:0,2,0,2,3,0,E+
4862:2,2,3,1,0,2,E-
4877:3,2,0,3,3,3,E+
4884:3,3,0,0,1,0,E-
4895:1,3,3,3,2,1,E-
4898:3,3,3,1,0,3,E-
4902:2,1,0,3,1,1,E+
4912:0,3,2,0,2,0,E+
4915:2,3,0,0,3,0,E-
4945:3,0,2,2,2,3,E-
4949:2,2,2,2,1,3,E-
4961:1,0,2,1,0,2,E-
4993:1,2,2,2,0,0,E-
5003:1,1,1,1,3,3,E-
5040:3,2,1,2,2,2,E-
5043:1,3,2,2,2,2,E+
5050:2,2,2,2,1,3,E-
5056:2,1,3,0,2,1,E-
5059:3,3,0,1,1,0,E+
5094:0,3,2,0,3,0,E-
5121:3,1,0,2,0,1,E-
5156:1,2,2,2,0,0,E-
5164:1,2,0,2,0,0,E+
5240:3,0,3,0,2,1,E-
5243:3,3,0,1,0,0,E-
5291:3,2,0,0,0,0,E+
5326:1,1,0,3,3,1,E-
5340:3,1,3,0,0,1,E-
5351:2,2,2,3,2,0,E-
5354:2,3,3,0,3,0,E-
5387:0,1,3,2,0,3,E-
5408:1,3,3,2,1,3,E-
5428:0,2,2,2,1,1,E-
5455:2,1,3,3,3,0,E-
5469:0,0,3,0,2,2,E-
5474:3,2,0,0,3,2,E+
5484:1,3,3,3,3,2,E-
Positivos Encontrados: [20, 91, 243, 266, 332, 352, 633, 868, 1004, 1092, 1350, 1367, 1402, 1434, 1631, 1640, 1692, 1722, 1738, 1773, 2218, 2348, 2366, 2450, 2470, 2507, 2838, 3133, 3509, 3546, 3660, 3951, 4152, 4249, 4708, 4790, 4860, 4877, 4902, 4912, 5043, 5059, 5164, 5291, 5474]
