20:3,0,0,0,2,0,E+
55:0,2,0,0,0,2,E-
89:0,0,3,0,0,0,E-
91:0,3,2,0,0,2,E-
112:2,3,2,0,0,2,E-
132:0,1,3,0,2,2,E-
192:3,3,1,0,3,1,E-
227:1,1,3,0,1,3,E-
239:3,0,2,0,2,0,E+
243:3,2,3,0,2,1,E+
266:3,2,1,0,0,2,E-
293:2,2,1,0,1,0,E-
306:0,0,0,0,1,2,E+
312:0,0,0,0,3,2,E-
332:3,0,1,0,3,0,E-
352:0,0,2,0,1,0,E-
378:1,3,3,0,3,1,E-
395:3,2,1,0,1,1,E-
442:1,3,0,0,0,2,E-
469:3,3,1,0,3,0,E-
476:3,0,3,0,3,2,E-
491:1,3,0,0,0,0,E-
523:2,3,1,0,0,3,E-
567:0,0,0,0,1,0,E-
624:0,3,2,0,3,1,E-
627:2,2,1,0,2,2,E+
633:1,2,3,0,0,2,E-
639:3,0,1,0,3,0,E-
679:0,2,3,0,1,0,E-
758:1,3,2,0,2,0,E+
772:1,1,1,0,0,2,E-
794:1,2,1,0,3,1,E-
805:3,0,0,0,2,0,E+
830:2,0,0,0,2,0,E+
851:0,0,0,0,0,0,E-
868:0,0,1,0,0,3,E-
891:1,2,3,0,3,3,E-
910:3,3,3,0,1,0,E-
983:0,0,2,0,3,0,E-
986:2,2,0,0,1,3,E+
995:3,3,1,0,3,2,E-
1004:2,0,1,0,1,0,E-
1021:3,3,3,0,0,0,E-
1072:3,3,0,0,2,0,E+
1092:3,0,2,0,0,2,E-
1117:0,3,2,0,0,2,E-
1123:2,2,3,0,2,3,E+
1128:1,2,3,0,3,1,E-
1140:0,0,3,0,2,0,E-
1142:0,3,1,0,0,3,E-
1147:2,0,3,0,2,2,E-
1151:3,3,0,0,0,2,E-
1206:2,2,3,0,0,3,E-
1266:2,0,1,0,0,3,E-
1301:1,1,1,0,0,0,E-
1332:0,2,0,0,1,0,E+
1350:1,2,2,0,0,1,E-
1361:2,0,3,0,1,2,E-
1367:3,0,2,0,1,2,E+
1391:0,2,0,0,2,1,E+
1402:2,2,1,0,1,3,E-
1419:0,3,2,0,0,0,E-
1429:0,0,0,0,0,3,E-
1434:2,0,1,0,3,3,E-
1450:1,1,0,0,1,3,E-
1502:3,0,1,0,3,1,E-
1513:0,3,1,0,0,0,E-
1536:3,3,0,0,3,0,E-
1583:1,3,2,0,1,3,E-
1590:1,3,2,0,2,1,E-
1608:0,3,0,0,2,2,E+
1614:0,0,3,0,2,3,E-
1631:2,0,2,0,3,3,E-
1634:2,3,3,0,2,2,E-
1640:3,2,1,0,0,3,E-
1648:3,3,3,0,2,0,E-
1650:3,3,1,0,0,3,E-
1662:0,2,0,0,3,2,E+
1668:0,0,3,0,0,3,E-
1670:0,3,3,0,3,2,E-
1692:3,0,3,0,3,2,E-
1694:0,3,3,0,2,2,E-
1706:3,3,3,0,2,2,E-
1710:3,3,3,0,2,0,E-
1712:3,3,3,0,0,3,E-
1714:3,3,0,0,3,2,E-
1722:3,0,3,0,2,0,E-
1724:0,3,1,0,0,2,E-
1730:1,3,3,0,2,2,E-
1732:3,3,2,0,2,2,E+
1738:2,0,0,0,0,3,E-
1746:0,3,2,0,0,3,E-
1753:0,3,3,0,0,2,E-
1755:3,3,3,0,2,3,E-
1773:3,0,0,0,0,0,E-
1789:0,3,3,0,0,0,E-
1798:0,1,2,0,2,1,E-
1807:1,3,2,0,0,3,E-
1815:0,3,3,0,2,2,E-
1817:3,3,3,0,2,1,E-
1819:3,3,1,0,1,2,E-
1825:1,3,1,0,2,2,E-
1829:3,1,3,0,2,0,E-
1831:1,3,1,0,0,3,E-
1836:2,0,3,0,3,3,E-
1854:3,0,0,0,2,1,E+
1873:1,3,0,0,1,3,E+
1885:1,3,3,0,3,3,E-
1892:3,3,0,0,3,2,E-
1916:0,2,1,0,2,0,E+
1920:3,1,0,0,0,2,E-
1932:1,2,0,0,2,3,E+
1962:2,1,0,0,2,2,E+
1974:0,0,3,0,0,0,E-
1994:0,2,2,0,0,0,E-
2026:2,2,1,0,2,0,E+
2066:0,0,3,0,2,1,E-
2113:2,3,1,0,3,1,E-
2128:1,0,1,0,2,2,E-
2146:2,3,1,0,0,1,E-
2153:0,1,1,0,3,2,E-
2169:2,3,3,0,1,1,E-
2171:3,3,0,0,1,2,E-
2202:3,1,0,0,2,3,E-
2206:3,0,3,0,1,2,E-
2218:2,0,1,0,1,2,E-
2246:1,2,0,0,2,0,E+
2265:2,1,3,0,1,1,E-
2313:3,2,3,0,2,0,E+
2321:2,1,0,0,2,2,E+
2335:3,0,1,0,3,1,E-
2348:0,0,3,0,3,2,E-
2354:3,2,1,0,3,3,E-
2366:3,2,1,0,1,1,E-
2450:2,0,2,0,2,1,E+
2454:3,2,0,0,1,2,E+
2460:0,0,1,0,0,2,E-
2466:1,2,0,0,2,3,E+
2470:3,0,1,0,3,0,E-
2507:3,2,2,0,3,2,E+
2510:2,0,2,0,3,3,E-
2513:2,3,3,0,2,2,E-
2537:2,1,3,0,0,1,E-
2548:1,2,1,0,3,0,E-
2576:1,2,1,0,3,0,E-
2615:0,1,1,0,1,1,E-
2632:0,1,2,0,2,0,E-
2673:2,1,3,0,2,3,E-
2677:3,3,3,0,2,2,E-
2687:0,3,0,0,2,0,E+
2694:2,0,3,0,1,3,E-
2699:1,1,1,0,1,1,E-
2710:0,0,3,0,0,3,E-
2719:3,2,0,0,0,0,E+
2728:0,2,0,0,0,1,E-
2746:3,3,2,0,1,1,E-
2753:1,1,0,0,3,3,E-
2758:2,3,0,0,0,0,E-
2777:0,3,2,0,2,0,E+
2806:0,2,3,0,3,0,E-
2814:3,3,3,0,2,2,E-
2816:3,3,3,0,2,2,E-
2818:3,3,3,0,2,2,E-
2820:3,3,3,0,2,2,E-
2822:3,3,3,0,2,2,E-
2824:3,3,3,0,2,2,E-
2826:3,3,3,0,2,2,E-
2828:3,3,3,0,2,2,E-
2830:3,3,3,0,2,2,E-
2832:3,3,3,0,2,2,E-
2834:3,3,3,0,2,3,E-
2836:3,3,3,0,3,2,E-
2838:3,3,3,0,2,2,E-
2842:3,3,1,0,2,2,E-
2846:3,1,3,0,2,2,E-
2848:1,3,3,0,2,2,E-
2850:3,3,3,0,2,2,E-
2852:3,3,3,0,2,2,E-
2854:3,3,3,0,2,2,E-
2856:3,3,3,0,2,2,E-
2858:3,3,3,0,2,2,E-
2860:3,3,3,0,2,2,E-
2862:3,3,3,0,2,2,E-
2864:3,3,3,0,2,3,E-
2866:3,3,3,0,3,0,E-
2868:3,3,0,0,0,3,E-
2873:3,0,3,0,0,0,E-
2891:0,2,2,0,1,2,E+
2925:3,3,3,0,0,1,E-
2927:3,3,0,0,1,3,E+
2935:3,2,0,0,3,0,E-
2984:0,3,0,0,1,0,E-
3004:2,3,0,0,0,0,E-
3020:3,3,3,0,2,2,E-
3022:3,3,3,0,2,1,E-
3024:3,3,0,0,1,0,E-
3036:3,3,1,0,3,3,E-
3071:0,3,1,0,3,1,E-
3133:1,0,1,0,3,1,E-
3154:2,3,3,0,2,0,E-
3202:3,3,1,0,1,2,E-
3330:1,3,0,0,2,3,E+
3347:1,0,3,0,3,3,E-
3352:0,3,1,0,0,0,E-
3413:1,0,3,0,3,0,E-
3450:0,3,0,0,0,0,E-
3472:0,2,0,0,0,3,E+
3489:0,3,0,0,0,3,E-
3498:3,2,3,0,1,0,E-
3509:3,0,0,0,0,1,E-
3521:3,3,1,0,0,3,E-
3546:3,0,2,0,1,2,E+
3552:2,2,3,0,1,2,E-
3558:3,0,0,0,0,3,E-
3563:0,0,0,0,3,3,E-
3577:3,2,1,0,3,1,E-
3587:0,3,1,0,0,0,E-
3615:3,2,2,0,1,0,E-
3626:0,0,3,0,0,0,E-
3660:3,0,0,0,3,3,E-
3762:3,0,1,0,0,1,E-
3779:3,3,2,0,2,1,E-
3797:3,0,3,0,2,2,E-
3799:0,3,3,0,2,2,E-
3801:3,3,3,0,2,0,E-
3803:3,3,0,0,0,0,E-
3810:0,0,0,0,2,1,E+
3840:1,2,2,0,0,0,E-
3848:3,3,0,0,0,3,E-
3886:0,0,0,0,3,3,E-
3894:3,2,2,0,3,2,E+
3897:2,2,2,0,0,0,E-
3933:2,2,1,0,3,0,E-
3944:3,3,3,0,1,0,E-
3951:1,0,3,0,2,0,E-
3955:3,3,0,0,0,0,E-
3989:3,3,3,0,1,3,E-
3991:3,3,3,0,3,3,E-
4022:0,0,1,0,3,0,E-
4035:0,3,3,0,3,0,E-
4109:2,0,1,0,3,3,E-
4118:3,2,2,0,1,0,E-
4152:3,0,1,0,3,3,E-
4170:1,2,3,0,3,2,E-
4221:1,0,3,0,3,3,E-
4249:2,0,0,0,0,3,E-
4286:3,0,0,0,0,2,E-
4292:0,2,0,0,3,2,E+
4298:0,0,3,0,3,3,E-
4340:0,3,0,0,0,0,E-
4394:2,3,3,0,2,3,E-
4396:3,3,3,0,3,3,E-
4398:3,3,3,0,3,2,E-
4457:3,3,3,0,2,3,E-
4478:1,3,2,0,3,3,E-
4481:2,0,3,0,0,0,E-
4498:0,0,3,0,1,3,E-
4547:3,3,3,0,3,2,E-
4549:3,3,0,0,2,3,E+
4571:0,3,2,0,3,2,E-
4574:2,2,2,0,2,3,E+
4589:2,0,0,0,0,3,E-
4649:3,3,0,0,0,0,E-
4672:2,3,1,0,3,2,E-
4678:1,2,3,0,0,1,E-
4706:3,2,3,0,2,2,E+
4708:2,3,2,0,2,0,E-
4724:1,3,1,0,0,3,E-
4741:3,3,3,0,2,2,E-
4745:3,3,1,0,1,0,E-
4761:3,3,1,0,0,3,E-
4785:3,0,2,0,0,3,E-
4790:2,0,0,0,1,2,E-
4852:2,3,3,0,0,2,E-
4854:3,3,3,0,2,2,E-
4860:3,0,3,0,1,2,E-
4862:0,3,0,0,2,2,E+
4877:1,0,3,0,3,0,E-
4884:3,0,1,0,1,3,E-
4895:3,3,2,0,3,0,E-
4898:2,3,0,0,2,3,E+
4902:3,0,1,0,3,0,E-
4912:0,2,2,0,3,3,E+
4915:2,0,3,0,2,0,E-
4945:0,2,2,0,2,2,E+
4949:3,2,1,0,0,1,E-
4961:2,2,0,0,0,0,E+
4993:0,2,0,0,0,1,E-
5003:1,1,3,0,1,0,E-
5040:2,1,2,0,3,2,E-
5043:2,2,2,0,1,2,E-
5050:1,2,1,0,1,2,E-
5056:1,3,2,0,3,1,E-
5059:2,0,1,0,1,2,E-
5094:0,2,3,0,2,0,E-
5121:2,0,0,0,2,0,E+
5156:3,2,0,0,1,2,E+
5164:0,0,0,0,2,1,E+
5240:3,3,2,0,3,0,E-
5243:2,0,0,0,3,3,E-
5291:3,0,0,0,0,1,E-
5326:3,0,3,0,2,1,E-
5340:3,3,0,0,2,0,E+
5351:0,2,2,0,3,3,E+
5354:2,3,3,0,3,2,E-
5387:2,3,0,0,1,2,E-
5408:3,3,1,0,3,3,E-
5428:0,2,1,0,3,0,E-
5455:2,3,3,0,3,0,E-
5469:3,3,2,0,0,3,E-
5474:0,0,3,0,0,1,E-
5484:3,3,3,0,3,1,E-
Positivos Encontrados: [20, 239, 243, 306, 627, 758, 805, 830, 986, 1072, 1123, 1332, 1367, 1391, 1608, 1662, 1732, 1854, 1873, 1916, 1932, 1962, 2026, 2246, 2313, 2321, 2450, 2454, 2466, 2507, 2687, 2719, 2777, 2891, 2927, 3330, 3472, 3546, 3810, 3894, 4292, 4549, 4574, 4706, 4862, 4898, 4912, 4945, 4961, 5121, 5156, 5164, 5340, 5351]
