26:2,2,3,1,2,0,E+
66:0,0,3,3,2,1,E-
113:2,3,1,1,3,1,E-
128:1,0,2,1,2,2,E+
146:2,3,1,1,0,1,E-
153:0,1,1,1,3,2,E-
169:2,3,2,3,1,1,E-
171:3,3,1,0,1,2,E-
202:3,1,1,0,2,3,E-
206:3,0,3,3,1,2,E-
218:2,0,1,1,1,2,E-
246:1,2,0,0,2,0,E+
265:2,1,1,3,1,1,E-
313:3,2,3,3,2,0,E-
321:2,1,0,0,2,2,E+
335:3,0,1,1,3,1,E-
348:0,0,3,3,3,2,E-
354:3,2,2,1,3,3,E+
366:3,2,1,1,1,1,E-
450:2,0,1,2,2,1,E-
454:3,2,1,0,1,2,E-
460:0,0,3,1,0,2,E-
466:1,2,2,0,2,3,E+
470:3,0,3,1,3,0,E-
507:3,2,0,2,3,2,E+
510:2,0,3,2,3,3,E-
513:2,3,1,3,2,2,E-
537:2,1,1,3,0,1,E-
548:1,2,2,1,3,0,E+
576:1,2,2,1,3,0,E+
615:0,1,0,1,1,1,E-
632:0,1,1,2,2,0,E-
673:2,1,0,3,2,3,E-
677:3,3,3,3,2,2,E-
687:0,3,2,0,2,0,E+
694:2,0,1,3,1,3,E-
699:1,1,3,1,1,1,E-
710:0,0,3,3,0,3,E-
719:3,2,0,0,0,0,E+
728:0,2,0,0,0,1,E-
746:3,3,0,2,1,1,E-
753:1,1,2,0,3,3,E-
758:2,3,2,0,0,0,E-
777:0,3,3,2,2,0,E-
806:0,2,1,3,3,0,E-
814:3,3,2,3,2,2,E-
816:3,3,2,3,2,2,E-
818:3,3,2,3,2,2,E-
820:3,3,2,3,2,2,E-
822:3,3,2,3,2,2,E-
824:3,3,2,3,2,2,E-
826:3,3,2,3,2,2,E-
828:3,3,2,3,2,2,E-
830:3,3,2,3,2,2,E-
832:3,3,2,3,2,2,E-
834:3,3,2,3,2,3,E-
836:3,3,2,3,3,2,E-
838:3,3,3,3,2,2,E-
842:3,3,2,1,2,2,E+
846:3,1,2,3,2,2,E-
848:1,3,2,3,2,2,E-
850:3,3,2,3,2,2,E-
852:3,3,2,3,2,2,E-
854:3,3,2,3,2,2,E-
856:3,3,2,3,2,2,E-
858:3,3,2,3,2,2,E-
860:3,3,2,3,2,2,E-
862:3,3,2,3,2,2,E-
864:3,3,2,3,2,3,E-
866:3,3,2,3,3,0,E-
868:3,3,3,0,0,3,E-
873:3,0,1,3,0,0,E-
891:0,2,3,2,1,2,E-
925:3,3,2,3,0,1,E-
927:3,3,0,0,1,3,E+
935:3,2,0,0,3,0,E-
984:0,3,2,0,1,0,E-
1004:2,3,0,0,0,0,E-
1020:3,3,2,3,2,2,E-
1022:3,3,2,3,2,1,E-
1024:3,3,2,0,1,0,E-
1036:3,3,3,1,3,3,E-
1071:0,3,1,1,3,1,E-
1133:1,0,0,1,3,1,E-
1154:2,3,1,3,2,0,E-
1202:3,3,1,1,1,2,E-
1330:1,3,3,0,2,3,E-
1347:1,0,0,3,3,3,E-
1352:0,3,1,1,0,0,E-
1413:1,0,1,3,3,0,E-
1450:0,3,0,0,0,0,E-
1472:0,2,2,0,0,3,E+
Positivos Encontrados: [26, 128, 246, 321, 354, 466, 507, 548, 576, 687, 719, 842, 927, 1472]
