13:0,3,3,2,0,2,0,2,2,0,E-
48:2,0,0,0,2,3,0,0,2,2,E+
82:0,2,0,0,0,2,3,0,2,0,E-
84:0,0,0,2,3,0,2,0,2,2,E-
105:0,2,2,0,3,2,2,0,0,2,E+
125:1,0,0,2,1,1,3,2,2,2,E-
185:3,0,3,3,3,3,1,3,3,1,E-
220:3,1,1,3,1,3,3,1,1,3,E-
232:0,1,3,1,0,2,2,2,3,0,E-
236:0,2,3,2,2,0,3,2,1,1,E-
259:1,1,3,2,2,0,1,0,2,2,E-
286:3,2,2,0,2,0,1,1,3,0,E+
299:0,2,0,1,0,1,0,1,0,2,E+
305:3,1,0,1,0,2,0,3,0,2,E-
325:3,1,3,2,0,1,1,3,3,0,E-
345:0,2,0,2,0,3,2,1,0,0,E-
371:0,0,1,0,3,0,3,3,3,1,E-
388:0,1,3,2,2,3,1,1,0,1,E-
435:1,0,1,0,3,2,0,0,3,2,E-
462:0,1,3,3,3,2,1,3,3,0,E-
469:2,1,3,3,0,1,3,3,2,2,E-
484:2,1,1,3,3,1,0,0,2,0,E-
516:3,3,2,1,3,2,1,0,3,3,E+
560:0,0,0,3,0,2,0,1,0,0,E-
617:0,1,0,1,3,2,2,3,3,1,E-
620:1,3,2,3,2,3,1,2,2,2,E-
626:3,3,1,2,2,1,3,0,0,2,E-
632:3,1,3,0,0,0,1,3,2,0,E-
672:2,1,0,3,2,3,3,1,1,0,E-
751:0,3,1,1,3,0,2,2,2,0,E-
765:0,3,1,3,1,1,1,0,3,2,E-
787:0,2,1,3,2,1,1,3,3,1,E-
798:1,1,3,1,0,0,0,2,2,0,E-
823:0,0,2,1,0,1,0,2,0,0,E-
844:2,0,0,1,0,0,0,0,1,0,E-
861:1,1,0,2,0,3,1,0,0,3,E-
884:2,0,1,0,2,3,3,3,1,3,E-
903:3,1,3,3,3,3,3,1,3,0,E-
976:1,0,0,3,0,2,2,3,1,0,E-
979:3,0,2,3,2,1,0,1,0,3,E+
988:1,0,3,0,3,3,1,3,2,2,E-
997:3,2,2,2,0,3,1,1,3,0,E-
1014:3,0,3,0,3,1,3,0,0,0,E-
1065:0,0,3,1,3,3,0,2,0,0,E-
1085:2,1,3,1,0,0,2,0,0,2,E-
1110:2,2,0,0,3,2,2,0,2,2,E+
1116:3,2,2,0,2,1,3,2,2,3,E+
1121:2,3,1,3,2,3,3,3,2,1,E-
1133:3,1,0,0,0,2,3,2,1,0,E-
1135:0,0,0,2,3,2,1,0,2,3,E-
1140:2,3,2,1,0,0,3,2,3,2,E-
1144:0,2,3,0,3,2,0,0,2,2,E-
1199:1,3,2,0,2,3,3,0,3,3,E+
1259:0,3,2,0,0,1,1,0,3,3,E-
1294:1,3,1,1,1,0,1,0,3,0,E-
1325:0,3,0,3,2,1,0,1,0,0,E+
1343:2,2,1,0,2,0,2,0,3,1,E+
1354:1,0,2,0,0,1,3,1,0,2,E-
1360:3,1,3,1,0,3,2,1,3,2,E-
1384:2,2,0,2,2,2,0,2,1,1,E+
1395:1,0,2,0,2,0,1,1,3,3,E+
1412:1,1,0,3,3,0,2,0,2,0,E-
1422:2,0,0,0,0,2,0,0,2,3,E-
1427:2,3,2,0,0,3,1,3,3,3,E-
1443:2,1,1,1,1,3,0,1,0,3,E-
1495:2,1,3,1,0,1,1,3,3,1,E-
1506:1,3,0,1,3,1,1,0,3,0,E-
1529:0,0,3,1,3,3,0,3,3,0,E-
1576:2,1,1,1,3,3,2,1,3,3,E-
1583:3,2,1,3,3,3,2,2,2,1,E-
1601:0,0,0,0,3,3,0,2,0,2,E-
1607:3,3,0,2,0,0,3,2,0,3,E-
1624:0,3,2,2,0,3,2,3,1,3,E-
1627:2,0,2,3,3,1,3,2,2,2,E-
1633:3,1,3,2,2,0,1,0,3,3,E-
1641:1,0,3,3,3,2,3,2,1,0,E-
1643:3,3,3,2,3,2,1,0,3,3,E-
1655:3,0,0,2,2,2,0,3,0,2,E+
1661:3,2,0,3,0,2,3,0,3,3,E+
1663:0,3,0,2,3,0,3,3,3,2,E-
1685:2,1,3,2,0,2,3,3,3,2,E-
1687:3,2,0,2,3,3,3,2,0,2,E-
1699:1,1,3,1,3,3,3,2,3,2,E-
1703:3,2,3,3,3,2,3,2,3,0,E-
1705:3,3,3,2,3,2,3,0,0,3,E-
1707:3,2,3,2,3,0,0,3,3,2,E-
1715:0,3,3,2,0,2,3,2,1,0,E-
1717:3,2,0,2,3,2,1,0,3,2,E+
1723:3,2,1,0,3,2,3,2,2,2,E-
1725:1,0,3,2,3,2,2,2,0,2,E-
1731:3,2,2,2,0,2,0,0,0,3,E-
1739:0,0,0,3,3,2,2,0,0,3,E-
1746:2,2,0,0,3,2,3,0,3,2,E+
1748:0,0,3,2,3,0,3,2,1,3,E-
1766:0,1,3,2,0,2,0,0,0,0,E-
1782:0,2,0,3,3,0,3,0,0,0,E-
1791:0,0,0,3,1,2,2,2,2,1,E-
1800:2,2,1,0,3,2,2,0,0,3,E-
1808:2,0,0,3,3,2,3,2,3,2,E-
1810:0,3,3,2,3,2,3,2,1,1,E-
1812:3,2,3,2,3,2,1,1,3,2,E-
1818:3,2,1,1,3,2,1,2,3,2,E-
1822:3,2,3,2,1,2,3,2,1,0,E-
1824:3,2,1,2,3,2,1,0,2,3,E-
1829:2,3,2,1,0,0,3,3,3,3,E-
1847:3,3,3,0,0,0,0,2,1,1,E-
1866:0,3,1,3,3,1,0,1,1,3,E-
1878:1,1,1,1,3,1,3,3,1,3,E-
1885:1,3,3,1,3,2,0,3,3,2,E-
1909:3,0,0,3,2,2,1,2,3,0,E+
1913:2,2,3,2,1,0,0,0,0,2,E-
1925:2,2,1,3,2,2,0,2,0,3,E-
1955:1,3,2,0,1,1,0,2,0,2,E-
1967:0,2,0,2,0,3,3,0,0,0,E-
1987:0,2,0,1,2,3,2,0,2,0,E+
2019:2,1,2,0,2,3,1,2,2,0,E-
2059:1,3,0,2,0,3,3,2,0,1,E-
2106:0,3,2,1,3,1,1,3,2,1,E-
2121:1,3,1,1,0,2,1,2,1,2,E-
2139:2,1,2,1,3,1,1,0,3,1,E-
2146:1,1,0,3,1,1,1,3,2,2,E-
2162:2,2,2,1,3,2,3,1,0,1,E+
2164:2,1,3,2,3,1,0,1,1,2,E-
2195:0,1,3,1,1,1,0,2,3,3,E-
2199:1,2,3,1,0,3,3,1,3,2,E-
2211:1,0,2,0,0,1,1,1,3,2,E-
2239:0,2,1,0,2,0,0,2,2,0,E+
2258:3,1,2,0,1,1,3,1,1,1,E-
2306:1,0,3,3,2,3,3,2,2,0,E+
2314:3,2,2,0,1,0,0,2,2,2,E-
2328:2,1,3,1,0,1,1,3,3,1,E-
2341:0,0,0,2,0,3,3,3,2,2,E-
2347:3,3,3,3,2,2,1,3,3,3,E-
2359:3,1,3,2,2,1,1,1,3,1,E-
2443:2,1,2,1,0,1,2,2,3,1,E-
2447:0,2,3,1,2,1,0,1,0,2,E-
2453:3,1,0,1,0,3,1,0,2,2,E-
2459:3,3,1,0,2,2,0,2,3,3,E-
2463:2,2,3,2,0,3,1,3,3,0,E-
2500:3,1,3,2,2,0,2,3,3,2,E-
2503:2,2,2,3,0,3,2,3,1,3,E-
2506:3,0,2,3,3,1,3,2,2,2,E-
2530:0,3,2,2,1,1,3,0,3,1,E-
2541:1,1,1,3,2,2,1,3,2,0,E-
2569:1,1,1,0,2,2,1,3,2,0,E-
2608:3,3,0,2,1,0,1,1,3,1,E-
2625:1,0,0,0,1,1,2,2,2,0,E-
2666:0,1,2,1,1,0,3,2,3,3,E-
2670:1,2,3,0,3,3,3,2,0,2,E-
2680:0,2,0,3,3,2,0,2,0,0,E+
2687:2,0,2,0,0,1,3,1,2,3,E-
2692:2,3,1,3,1,3,1,1,1,1,E-
2703:1,3,0,1,0,3,3,0,1,3,E-
2712:0,1,3,3,2,0,0,0,0,0,E-
2721:0,0,0,3,2,0,0,0,0,1,E+
2739:0,1,3,3,3,0,2,1,3,1,E-
2746:0,2,1,3,1,2,0,3,2,3,E-
2751:2,3,2,0,3,2,0,0,0,0,E-
2770:0,0,0,1,3,3,2,2,1,0,E-
2799:2,0,0,1,2,1,3,3,3,0,E-
2807:3,3,3,0,3,2,3,2,3,2,E-
2809:3,0,3,2,3,2,3,2,3,2,E-
2811:3,2,3,2,3,2,3,2,3,2,E-
2813:3,2,3,2,3,2,3,2,3,2,E-
2815:3,2,3,2,3,2,3,2,3,2,E-
2817:3,2,3,2,3,2,3,2,3,2,E-
2819:3,2,3,2,3,2,3,2,3,2,E-
2821:3,2,3,2,3,2,3,2,3,2,E-
2823:3,2,3,2,3,2,3,2,3,2,E-
2825:3,2,3,2,3,2,3,2,3,2,E-
2827:3,2,3,2,3,2,3,2,3,3,E-
2829:3,2,3,2,3,2,3,3,3,2,E-
2831:3,2,3,2,3,3,3,2,3,2,E-
2835:3,2,3,3,3,2,1,2,3,2,E-
2839:3,2,3,2,1,2,3,2,3,2,E-
2841:3,2,1,2,3,2,3,2,3,2,E-
2843:1,2,3,2,3,2,3,2,3,2,E-
2845:3,2,3,2,3,2,3,2,3,2,E-
2847:3,2,3,2,3,2,3,2,3,2,E-
2849:3,2,3,2,3,2,3,2,3,2,E-
2851:3,2,3,2,3,2,3,2,3,2,E-
2853:3,2,3,2,3,2,3,2,3,2,E-
2855:3,2,3,2,3,2,3,2,3,2,E-
2857:3,2,3,2,3,2,3,2,3,3,E-
2859:3,2,3,2,3,2,3,3,0,0,E-
2861:3,2,3,2,3,3,0,0,2,3,E-
2866:2,3,3,0,0,1,3,0,1,0,E-
2884:2,0,0,0,2,3,2,1,0,2,E+
2918:3,3,3,3,3,2,3,0,0,1,E-
2920:3,3,3,2,3,0,0,1,3,3,E-
2928:0,1,3,3,2,0,0,3,3,0,E-
2977:3,0,0,0,3,2,0,1,0,0,E-
2997:1,0,2,1,3,0,0,0,0,0,E-
3013:0,3,3,3,3,2,3,2,3,2,E-
3015:3,3,3,2,3,2,3,2,0,1,E-
3017:3,2,3,2,3,2,0,1,1,0,E-
3029:0,0,3,1,3,3,1,3,3,3,E-
3064:1,1,0,3,3,1,1,3,1,1,E-
3126:2,1,1,0,0,0,1,3,3,1,E-
3147:1,3,2,1,3,1,3,2,0,0,E-
3195:2,0,3,1,3,1,1,1,0,2,E-
3323:0,3,1,1,3,3,0,2,1,3,E-
3340:0,0,1,3,0,0,3,3,2,3,E-
3345:2,3,0,3,3,1,1,0,3,0,E-
3406:3,1,1,0,0,1,3,3,1,0,E-
3443:0,0,0,1,3,0,0,0,3,0,E-
3465:3,3,0,3,2,2,0,0,0,3,E+
3482:0,0,0,0,3,2,0,0,3,3,E-
3491:0,3,3,3,2,3,3,1,3,0,E-
3502:0,3,3,2,0,0,0,0,3,1,E-
3514:3,3,3,3,3,3,1,0,0,3,E-
3539:1,3,3,2,0,2,2,1,2,2,E-
3545:3,2,2,1,2,3,3,1,0,2,E+
3551:3,3,3,1,0,0,0,0,2,3,E-
3556:2,3,0,0,0,3,0,3,3,3,E-
3570:2,0,3,0,2,0,1,3,1,1,E-
3580:1,1,0,0,3,3,1,0,1,0,E-
3608:3,1,3,1,2,2,2,1,0,0,E-
3619:0,3,0,0,0,3,3,0,1,0,E-
3653:1,0,3,2,0,1,0,3,3,3,E-
3755:0,3,3,0,0,0,1,0,1,1,E-
3772:3,0,3,0,3,3,2,2,0,1,E-
3790:0,0,3,2,0,2,3,2,3,2,E-
3792:3,2,0,2,3,2,3,2,3,2,E+
3794:0,2,3,2,3,2,3,2,0,0,E-
3796:3,2,3,2,3,2,0,0,3,0,E-
3803:2,0,0,3,0,3,0,2,2,1,E-
3833:0,1,1,0,2,3,2,0,3,0,E-
3841:2,0,3,0,3,0,0,0,0,3,E-
3879:0,1,0,0,0,1,0,3,3,3,E-
3887:0,3,3,3,2,2,2,3,3,2,E-
3890:3,2,2,3,2,3,2,0,2,0,E+
3926:0,3,2,0,2,3,1,3,2,0,E+
3937:0,0,3,3,3,3,3,1,3,0,E-
3944:3,3,1,3,0,3,3,2,3,0,E-
3948:0,2,3,3,3,0,0,0,1,0,E-
3982:1,3,3,3,3,2,3,1,3,3,E-
3984:3,3,3,2,3,1,3,3,1,3,E-
Positivos Encontrados: [48, 105, 286, 299, 516, 979, 1110, 1116, 1199, 1325, 1343, 1384, 1395, 1655, 1661, 1717, 1746, 1909, 1987, 2162, 2239, 2306, 2680, 2721, 2884, 3465, 3545, 3792, 3890, 3926]
